0 0.133951 0.791013 0.2674 0.310455
4 0.851442 0.65496 0.0372746 0.15342
0 0.436552 0.711145 0.159083 0.245872
4 0.772292 0.66133 0.0250226 0.109181
4 0.900046 0.661416 0.0362305 0.17228
4 0.947984 0.654817 0.0453587 0.186346
4 0.957659 0.653398 0.0320873 0.186403
0 0.305638 0.674672 0.045511 0.0634033
4 0.693893 0.669319 0.0200026 0.094873
4 0.715304 0.665911 0.0182503 0.0916658
4 0.735327 0.661821 0.0176275 0.0915354
4 0.941794 0.661693 0.0366798 0.17531
4 0.754403 0.661661 0.0161812 0.0892762
4 0.588833 0.631254 0.0256737 0.120121
