0 0.448688 0.769691 0.240392 0.386934
0 0.119418 0.821189 0.238769 0.348243
4 0.946861 0.665886 0.0354883 0.163638
4 0.734086 0.669471 0.0205917 0.0935057
4 0.869867 0.66631 0.0233011 0.151416
0 0.955711 0.957342 0.0874615 0.0710664
4 0.899716 0.657763 0.0430614 0.171698
4 0.906551 0.658808 0.0314331 0.172037
4 0.971598 0.651562 0.0296528 0.185122
4 0.755974 0.639395 0.026779 0.132777
4 0.990408 0.670355 0.0185452 0.227144
4 0.687956 0.668664 0.0184227 0.076604
0 0.327624 0.675729 0.0445949 0.0932636
