0 0.127557 0.805664 0.254674 0.357495
4 0.973041 0.586094 0.0386696 0.215836
0 0.458606 0.714407 0.240799 0.384419
4 0.918634 0.586162 0.03592 0.166634
4 0.852101 0.598509 0.0279911 0.130056
4 0.74544 0.601478 0.0176816 0.0852809
4 0.88449 0.593247 0.0341026 0.154666
4 0.89523 0.582752 0.0281288 0.17564
4 0.889525 0.582269 0.0358059 0.170191
4 0.675658 0.599082 0.0196671 0.103469
4 0.946642 0.573345 0.0282776 0.166281
4 0.701805 0.600766 0.0173071 0.0837186
4 0.697657 0.601047 0.0192837 0.0825945
0 0.955208 0.91549 0.0886204 0.15593
