0 0.0740193 0.799274 0.147162 0.346808
4 0.891002 0.63005 0.0284346 0.14678
4 0.847828 0.645619 0.0337332 0.140749
0 0.427214 0.726915 0.240061 0.385046
4 0.122581 0.692993 0.0475573 0.1721
4 0.934003 0.638044 0.0291168 0.140389
4 0.130327 0.694058 0.033789 0.164629
4 0.104306 0.670144 0.0289441 0.123899
0 0.934755 0.918436 0.128633 0.148505
4 0.112632 0.689211 0.047211 0.164644
8 0.448633 0.450793 0.0204735 0.0550271
4 0.193957 0.670247 0.0222466 0.0674371
4 0.579658 0.614368 0.02285 0.114569
