0 0.87797 0.615775 0.121997 0.0738678
4 0.706253 0.627 0.0304044 0.147471
4 0.958965 0.608265 0.0808025 0.32817
0 0.0655128 0.78903 0.130015 0.115122
4 0.653076 0.680461 0.032531 0.119156
0 0.433644 0.681946 0.0352818 0.0395777
4 0.581498 0.654555 0.0164221 0.0738069
4 0.620947 0.682305 0.0303864 0.115803
0 0.956294 0.954985 0.0863483 0.0768472
0 0.328834 0.692077 0.0364189 0.0366303
4 0.579216 0.650344 0.0171865 0.0775045
4 0.218822 0.713927 0.0121629 0.0616038
0 0.0849359 0.781781 0.0916624 0.091648
