0 0.32155 0.735016 0.121253 0.175347
0 0.575871 0.703154 0.0527288 0.0671676
0 0.12055 0.718325 0.13673 0.132851
4 0.673187 0.696292 0.035508 0.191046
0 0.0644403 0.753501 0.126886 0.116813
4 0.821752 0.705052 0.0474354 0.217272
4 0.827903 0.706754 0.0335117 0.221267
4 0.813747 0.705579 0.0373001 0.215684
8 0.739784 0.550086 0.0415185 0.05011
4 0.691197 0.695453 0.0273413 0.20746
8 0.135016 0.608097 0.0144969 0.0637015
8 0.134277 0.599837 0.0140583 0.0457672
4 0.708794 0.696689 0.0415386 0.218675
4 0.716925 0.696886 0.0487104 0.220617
4 0.81246 0.718232 0.029076 0.191638
4 0.68232 0.694322 0.027527 0.203918
